101 101
03 03 03 03 03 03 03 03 03 03 03 03 03 03 03 03 03 03 03 03 03 03 03 03 03 03 03 03 03 03 03 03 03 03 03 03 03 03 03 03 03 03 03 03 03 03 03 03 03 03 02 02 02 02 02 02 03 03 03 03 03 03 03 03 03 03 03 03 03 03 03 03 03 03 03 03 03 03 03 03 03 03 03 03 03 03 03 03 03 03 03 03 03 03 03 03 03 03 03 03 03
03 03 01 01 01 01 01 01 01 01 01 01 01 01 01 01 01 01 01 03 03 03 03 03 03 03 03 03 03 03 01 01 01 01 03 03 03 03 01 01 01 01 01 03 03 03 03 03 03 03 02 02 02 02 02 02 01 01 01 01 01 01 03 03 03 03 03 01 01 01 01 01 01 01 01 01 03 03 03 01 01 01 01 01 01 01 01 01 01 01 01 01 03 03 03 03 01 01 01 03 03 
03 01 01 01 01 01 01 01 01 01 01 01 01 01 01 01 01 01 01 01 01 01 01 03 03 03 01 01 01 01 01 01 01 01 01 01 01 01 01 01 01 01 01 01 01 01 01 01 01 01 02 02 02 02 02 02 02 01 01 01 01 01 01 01 01 01 01 01 01 01 01 01 01 01 01 01 01 01 01 01 01 01 01 01 01 01 01 01 01 01 01 01 01 03 03 01 01 01 01 01 03
03 01 01 01 01 01 01 01 01 01 01 01 01 01 04 04 01 04 01 01 01 01 01 01 01 01 01 01 01 01 01 01 01 01 01 01 01 01 01 01 01 01 01 01 01 01 01 01 01 01 02 02 02 02 02 02 02 01 01 01 01 01 01 01 01 01 01 01 01 01 01 01 01 01 01 01 01 01 01 01 01 02 02 02 02 02 01 01 01 01 01 01 01 01 01 01 01 01 01 01 03
03 01 01 01 03 01 01 01 01 01 01 01 01 01 04 04 01 01 01 01 01 01 01 01 01 01 01 01 01 01 01 01 01 01 01 01 01 01 01 01 01 01 01 01 01 01 01 01 01 02 02 02 02 02 02 02 02 02 01 01 01 01 01 01 01 01 04 01 01 01 01 01 01 01 01 01 01 02 02 02 02 02 02 02 02 02 02 01 01 01 01 01 01 01 01 01 03 01 01 01 03
03 01 01 01 01 01 01 01 01 01 01 01 01 01 04 04 04 04 01 01 01 01 01 01 01 01 01 01 01 01 01 01 01 01 04 01 01 01 01 01 01 01 01 01 01 01 01 01 02 02 02 02 02 02 02 02 02 02 02 01 01 01 01 01 04 04 04 04 04 04 01 01 01 01 01 01 02 02 02 02 02 02 02 02 02 02 02 01 01 01 01 01 01 01 01 01 01 01 01 01 03
03 01 01 01 01 01 01 01 01 01 01 01 01 01 01 01 04 04 01 01 01 01 01 01 01 01 01 01 01 01 01 01 01 04 04 01 01 01 01 01 01 01 01 01 01 01 02 02 02 02 02 02 02 02 02 02 02 02 02 01 01 01 01 01 01 01 01 01 04 01 01 01 01 01 01 01 02 02 02 02 02 02 02 02 02 02 01 01 01 01 01 01 01 01 01 01 01 01 01 01 03
03 01 01 01 01 01 01 01 01 01 01 01 01 01 01 04 01 04 01 01 01 01 01 01 01 01 01 01 01 01 01 01 04 04 01 01 01 01 01 01 01 01 01 01 02 02 02 02 02 02 02 02 02 02 02 02 02 02 02 02 01 01 01 01 01 01 01 04 04 01 01 01 01 01 01 01 02 02 02 02 02 02 02 02 02 01 01 01 01 01 01 01 01 01 01 01 01 01 01 01 03
03 03 01 01 01 01 01 01 01 01 01 01 01 01 01 04 01 04 04 01 01 01 01 01 01 01 01 01 01 01 01 04 04 04 04 01 01 01 01 01 01 01 01 02 02 02 02 02 02 02 02 02 02 02 02 02 02 02 02 02 02 01 01 01 01 01 01 04 01 01 01 01 01 01 01 01 01 01 01 01 01 01 01 01 01 01 01 01 01 01 01 01 01 01 01 01 01 01 01 01 03
03 03 01 01 01 01 01 01 01 01 01 01 01 01 04 01 01 04 04 01 01 01 01 01 01 01 01 01 01 01 01 04 01 01 04 01 01 01 01 01 01 02 02 02 02 02 02 02 02 02 02 02 02 02 02 02 02 02 02 02 02 01 01 01 01 01 01 04 01 01 01 01 01 01 01 01 01 01 01 01 01 01 01 01 01 01 01 01 01 01 01 01 01 01 01 01 01 01 01 01 03
03 01 01 01 01 01 01 01 04 01 01 01 01 01 01 01 01 04 04 01 01 01 01 01 01 01 01 01 01 01 01 01 01 01 04 01 01 01 01 01 02 02 02 02 02 02 02 02 02 02 02 02 02 02 02 02 02 02 02 02 02 02 01 01 01 01 01 04 01 01 04 01 01 01 01 01 01 01 01 01 01 01 01 01 01 01 01 01 01 01 01 01 01 01 01 01 01 01 01 01 03
03 01 01 01 01 01 04 04 01 01 01 01 01 01 01 01 01 04 04 01 01 01 01 01 01 01 01 01 01 01 01 01 01 01 04 04 04 01 01 02 02 02 02 02 02 02 02 02 02 02 01 02 02 02 02 02 02 02 02 02 02 02 02 01 01 01 01 04 01 01 04 01 01 01 01 01 01 01 01 01 01 01 01 01 01 01 01 01 01 01 01 01 01 01 03 03 01 01 01 01 03
03 01 01 01 01 01 04 01 01 01 01 01 01 01 01 01 01 04 04 04 04 04 01 01 01 01 01 01 01 01 01 01 04 04 04 01 01 01 01 02 02 02 02 02 02 02 02 02 02 01 01 01 04 01 02 02 02 02 02 02 02 02 02 01 01 01 01 04 04 04 04 01 01 01 01 01 01 01 01 01 03 03 01 01 01 01 01 01 01 01 01 01 01 03 03 03 01 01 01 01 03
03 01 01 01 04 04 04 01 01 01 01 01 01 01 01 01 01 04 01 01 04 04 01 01 01 01 01 01 01 01 01 01 04 04 04 01 01 01 01 02 02 02 02 02 02 02 02 02 01 01 01 01 02 01 01 01 02 02 02 02 02 02 02 01 01 01 01 04 04 04 01 01 01 01 01 01 01 01 01 03 03 03 03 01 01 01 01 01 01 01 01 01 01 03 03 03 01 01 01 01 03
03 03 01 01 01 04 04 04 01 01 01 01 01 01 01 01 01 01 01 01 01 04 04 01 01 01 01 01 01 01 01 04 04 04 04 01 01 01 01 02 02 02 02 02 02 02 02 01 01 01 01 01 01 02 02 02 02 02 02 02 02 02 02 02 01 01 01 01 01 01 01 01 01 01 01 01 01 01 03 03 03 03 03 03 01 01 01 01 01 01 01 01 01 03 03 03 01 01 01 01 03 
03 03 01 01 01 04 04 04 01 01 01 01 01 01 01 01 01 01 01 01 04 04 01 01 01 01 01 01 01 01 04 04 04 04 04 01 01 01 01 02 02 02 02 01 01 01 01 01 01 01 01 01 01 01 02 02 02 02 01 02 02 01 02 01 01 01 01 01 01 01 01 01 01 01 01 01 01 01 03 03 03 03 03 03 01 01 01 01 01 01 01 01 01 03 03 03 01 01 01 01 03
03 03 01 01 01 01 01 04 04 01 01 01 01 01 01 01 01 03 03 03 03 03 03 03 03 03 03 01 01 01 04 04 01 01 04 01 01 01 01 01 01 01 01 01 01 01 01 01 04 01 01 01 01 01 01 02 02 02 02 02 02 02 01 01 01 01 01 01 01 01 01 01 01 01 01 01 01 01 03 03 03 01 03 03 01 01 01 01 01 01 01 01 01 03 03 03 03 03 01 01 03
03 03 01 04 01 01 01 01 04 04 01 01 01 03 03 03 03 03 03 03 03 03 03 03 03 03 03 03 01 01 04 01 01 01 01 01 01 01 01 01 01 01 01 01 01 01 01 01 04 01 01 01 01 01 01 01 01 01 02 02 02 01 01 01 01 04 01 01 01 01 01 01 01 01 01 01 01 01 01 01 03 01 01 01 01 01 01 01 01 01 01 01 01 03 03 03 03 03 01 01 03
03 03 01 04 04 01 01 01 01 04 04 01 03 03 03 03 03 03 03 01 01 01 01 01 01 03 03 03 03 03 04 04 01 01 01 01 01 01 01 01 01 01 01 01 01 01 01 04 04 01 01 01 01 01 01 01 01 01 01 01 01 01 01 01 04 04 01 01 01 01 01 01 01 01 01 01 01 01 01 01 01 01 01 01 01 01 01 01 01 01 01 01 03 03 03 03 03 01 01 01 03
03 03 04 04 01 01 01 04 04 04 01 01 03 03 03 01 01 01 01 01 03 03 03 01 01 01 03 03 03 03 04 01 01 01 01 01 01 01 01 04 01 01 01 01 01 01 01 01 04 01 01 01 01 01 01 01 01 01 01 01 01 01 01 04 04 01 01 01 01 01 01 01 01 01 01 01 01 01 01 01 01 01 01 01 01 01 01 01 01 01 01 03 03 03 03 03 03 01 01 03 03 
03 04 04 01 01 01 04 04 01 04 01 01 01 03 03 03 01 01 01 01 03 03 03 03 01 01 01 01 01 03 04 04 04 01 01 01 01 01 04 04 01 01 01 01 01 04 01 01 04 01 01 01 01 01 01 04 01 01 01 01 01 01 04 04 01 01 01 01 01 01 01 01 01 01 01 01 01 01 03 03 03 01 01 03 01 01 01 01 01 03 03 03 03 03 03 03 01 01 03 03 03 
03 04 04 04 01 01 01 01 01 04 01 01 01 01 03 03 01 01 01 03 03 03 03 03 01 01 01 01 01 03 01 01 01 01 01 01 01 04 04 04 01 01 01 01 01 04 04 04 04 04 01 01 01 01 01 04 01 01 01 01 01 04 04 04 01 01 01 01 01 01 01 01 04 01 01 01 01 01 03 03 01 01 03 03 03 01 01 03 03 03 03 03 03 03 03 01 01 01 03 03 03 
03 01 04 04 04 01 01 01 01 01 01 01 01 01 01 01 01 01 03 03 03 03 03 03 01 01 01 01 03 03 01 01 01 01 01 01 04 04 04 01 01 01 01 01 01 04 04 01 01 04 04 01 01 01 01 04 04 01 01 01 04 04 04 01 01 01 01 01 01 01 01 04 04 01 01 01 01 01 03 03 03 03 03 03 03 03 01 03 03 03 03 03 03 03 03 01 01 01 03 03 03 
03 01 04 04 04 04 04 04 01 01 01 01 01 01 01 01 01 03 03 03 03 03 03 03 03 01 03 03 03 01 01 01 01 04 04 04 04 04 01 01 01 01 01 04 04 04 01 01 01 01 04 01 01 01 01 04 01 01 01 01 01 04 01 01 01 01 01 01 01 01 04 04 01 01 03 03 03 03 03 03 03 03 03 03 03 01 01 03 03 03 03 03 03 03 03 01 01 03 03 03 03 
03 01 01 04 04 01 01 04 01 01 01 01 01 01 01 01 03 03 03 03 03 03 03 03 03 03 03 01 01 01 01 04 04 04 04 04 04 04 04 01 01 01 01 04 04 01 01 01 01 01 01 01 01 01 01 04 04 01 01 01 04 04 01 01 01 01 01 01 04 04 04 01 01 01 03 03 03 03 03 03 03 03 03 03 03 03 01 01 01 03 03 03 03 01 01 01 03 03 03 03 03 
03 03 01 01 01 01 01 01 01 01 01 01 01 01 01 01 03 03 03 03 03 03 01 03 03 03 01 01 01 01 01 04 04 04 04 04 01 04 01 01 01 01 01 04 01 01 01 04 01 01 01 01 01 01 04 04 01 04 01 01 04 04 04 01 01 01 01 04 04 04 01 01 01 01 03 03 03 03 03 03 03 03 03 03 03 03 01 01 01 01 01 01 01 01 03 03 03 03 03 03 03
03 03 01 01 01 01 01 01 01 01 01 01 01 01 01 01 03 03 03 01 03 03 01 01 01 01 01 01 01 01 01 01 01 01 01 01 01 01 01 01 01 01 01 04 01 01 01 04 04 01 01 01 01 04 04 04 01 01 01 01 04 04 04 01 01 01 04 04 01 01 01 01 01 01 03 03 03 03 03 03 03 03 03 03 03 03 03 01 01 01 01 01 03 03 03 03 03 03 03 03 03
03 01 01 01 01 01 02 02 02 02 02 02 02 01 01 01 01 03 03 01 03 03 03 01 01 01 01 01 01 01 01 01 01 01 01 01 01 01 01 01 01 01 01 01 01 01 01 01 04 04 01 04 04 04 04 04 04 01 01 01 01 04 04 04 01 04 04 01 01 01 01 01 01 01 01 03 03 03 03 03 03 03 03 03 03 03 03 03 03 03 03 03 03 03 03 03 03 03 03 03 03
03 03 01 01 01 02 02 02 02 02 02 02 02 02 02 01 01 01 01 01 01 03 01 01 01 01 04 04 04 04 01 01 01 01 01 01 01 04 01 04 01 01 01 01 01 01 01 01 01 04 04 04 01 01 01 01 04 01 01 01 01 01 04 04 04 04 04 01 01 01 01 01 01 01 01 03 03 03 03 03 03 03 03 03 03 03 03 03 03 03 03 03 03 03 03 03 03 03 03 03 03
03 03 01 01 01 02 02 02 02 02 02 02 02 02 02 02 01 01 01 01 01 01 01 01 04 04 04 04 04 01 01 01 01 01 01 01 01 04 04 04 01 01 01 01 01 01 01 01 01 01 04 01 01 01 01 01 01 01 01 01 01 01 04 01 01 04 01 01 01 01 01 01 01 01 01 03 03 03 03 03 03 03 03 03 03 03 03 03 03 03 03 03 03 03 03 03 03 01 03 03 03
03 01 01 01 01 01 02 02 02 02 02 02 02 02 02 02 02 01 01 01 01 01 04 04 04 04 04 04 01 01 01 01 04 01 01 01 04 04 04 04 01 01 01 01 01 01 01 01 01 01 04 01 01 01 01 01 01 01 01 01 01 01 01 01 01 01 01 01 01 01 01 01 01 01 01 03 03 03 03 03 03 03 03 03 03 03 03 03 03 03 03 03 01 03 03 03 03 01 01 03 03
03 01 01 01 01 01 02 02 02 02 02 02 02 02 02 02 02 01 01 01 01 04 04 04 04 04 01 01 01 01 01 01 04 01 01 01 01 01 01 04 01 01 04 01 01 01 01 01 01 01 04 01 01 01 01 01 01 04 01 01 01 01 01 01 01 01 01 01 01 01 01 01 01 01 03 03 03 03 03 03 03 03 03 03 03 03 03 03 03 03 03 01 01 03 03 03 03 01 01 03 03
03 01 01 01 01 01 01 02 02 02 02 02 02 02 02 02 02 01 01 01 04 04 04 04 01 01 01 01 01 01 01 01 04 01 01 01 01 01 01 04 01 01 04 04 01 01 01 01 01 01 04 04 01 01 01 01 04 04 04 04 04 04 04 04 01 01 01 01 01 01 01 01 01 03 03 03 03 03 03 03 03 03 03 03 03 03 03 03 03 03 03 01 01 01 03 03 03 01 01 03 03 
03 03 03 01 01 01 01 01 02 02 02 02 02 02 02 02 01 01 01 01 01 01 01 01 01 01 01 01 04 01 01 01 04 04 04 04 01 01 01 04 01 01 04 01 01 01 01 01 01 01 01 01 01 01 01 04 04 04 04 04 04 04 04 04 04 01 04 01 01 01 01 01 01 03 03 03 03 03 03 03 03 03 03 03 03 03 03 03 03 03 03 01 01 01 03 03 03 01 01 03 03
03 03 03 03 01 01 01 01 01 01 01 01 02 02 02 01 01 01 01 01 01 01 01 01 01 01 01 04 04 01 01 01 01 01 01 04 01 01 01 04 01 01 04 01 01 01 01 01 01 01 01 01 01 01 04 04 04 04 04 01 01 04 01 04 04 04 01 01 01 01 01 01 01 03 03 03 03 03 03 03 03 01 03 03 03 03 03 03 03 03 01 01 01 01 01 03 03 01 01 03 03
03 03 03 03 01 01 01 01 01 01 01 01 02 02 02 01 01 01 01 01 01 01 01 01 01 01 01 04 04 01 01 01 01 01 01 04 01 01 01 04 01 01 04 01 01 01 01 01 01 01 01 01 01 01 04 04 04 04 04 01 01 04 01 04 04 04 01 01 01 01 01 01 01 03 03 03 03 03 03 03 03 01 03 03 03 03 03 03 03 03 01 01 01 01 01 03 03 01 01 03 03
03 03 03 03 03 03 01 01 01 01 01 01 01 01 01 01 01 01 01 01 01 01 01 01 01 01 01 01 04 01 01 01 01 01 01 04 04 01 01 04 01 01 04 04 04 04 04 04 04 01 01 01 01 04 04 04 01 01 01 01 01 01 01 01 01 01 01 01 01 01 01 01 01 01 03 03 03 03 03 03 01 01 01 01 01 01 01 03 03 03 01 01 01 01 01 03 03 01 03 03 03
03 03 03 03 03 03 01 01 01 01 01 01 01 01 01 01 01 01 04 01 01 04 01 01 01 01 01 01 04 01 01 01 01 01 01 04 04 04 01 04 01 01 04 04 01 01 01 04 04 01 01 01 01 04 04 01 01 01 01 01 01 01 01 01 01 01 01 01 01 01 01 01 01 01 01 03 03 03 03 01 01 01 01 01 01 01 01 01 01 01 01 01 01 01 01 01 01 01 03 03 03
03 03 03 03 03 03 03 01 01 01 01 01 01 01 01 01 01 01 04 04 01 01 04 01 01 01 01 04 04 01 01 01 01 01 01 04 04 04 01 04 01 01 04 01 01 01 01 01 01 01 01 01 01 01 01 01 01 01 01 01 01 01 01 01 01 01 01 01 01 01 01 01 01 01 01 01 01 01 01 01 01 01 01 01 01 01 01 01 01 01 01 01 01 04 01 01 01 01 03 03 03
03 03 03 03 03 01 01 01 01 01 01 01 01 01 01 01 01 04 04 04 04 04 04 01 01 01 01 01 04 01 01 01 01 01 01 04 04 04 04 04 01 01 04 01 01 01 01 01 01 01 01 01 01 01 01 01 01 01 01 01 01 01 01 03 03 03 01 01 01 01 01 01 01 01 01 01 01 01 01 01 01 01 01 01 01 01 04 01 01 01 01 01 01 04 01 01 01 01 03 03 03
03 03 03 03 03 01 01 01 01 01 01 01 03 01 01 01 04 04 01 04 04 04 04 04 01 01 01 01 04 01 01 01 01 01 01 01 01 01 01 01 01 01 01 01 01 01 01 01 01 01 01 01 01 01 01 03 03 03 01 01 01 01 03 03 03 03 03 03 03 01 01 01 01 01 01 01 01 01 01 01 01 01 01 01 01 01 04 04 01 01 01 01 04 04 01 01 01 01 03 03 03
03 03 01 01 01 01 01 01 01 01 03 03 03 01 01 04 04 04 01 01 01 04 04 04 04 01 01 01 04 01 04 04 01 01 01 01 01 01 01 01 01 01 01 01 01 01 01 01 01 01 01 03 03 03 03 03 03 03 03 03 03 03 03 03 03 03 03 03 03 03 01 01 01 01 01 01 01 04 01 01 01 01 01 01 01 01 04 04 01 01 01 01 01 04 01 01 01 01 03 03 03
03 03 01 01 01 01 01 03 03 03 03 03 01 01 04 04 04 04 01 01 01 01 01 04 04 04 04 04 04 04 04 04 04 01 01 01 01 01 01 01 01 01 01 01 01 01 01 01 01 01 03 03 02 02 02 02 02 03 03 03 03 03 03 03 03 03 03 03 03 03 03 01 01 01 01 01 01 04 01 01 01 01 01 01 01 01 04 04 01 01 04 04 04 04 01 01 01 01 03 03 03
03 03 01 01 01 03 03 03 03 03 03 03 01 01 04 04 04 04 01 01 01 01 01 01 04 01 04 01 04 01 04 01 01 01 01 01 01 01 01 01 01 01 01 01 01 01 01 01 01 01 03 02 02 02 02 02 02 02 02 02 03 03 03 03 03 03 03 03 03 03 03 01 01 01 01 01 01 04 01 01 01 01 01 01 01 01 01 04 04 04 04 04 04 01 01 01 01 03 03 03 03
03 01 01 01 03 03 03 03 03 03 03 03 01 01 04 04 04 01 01 01 01 01 01 01 01 01 01 01 04 01 01 01 01 01 01 01 01 01 01 01 01 01 01 01 01 01 01 02 02 02 02 02 02 02 02 02 02 02 02 02 02 03 03 03 03 03 03 03 03 03 03 03 01 01 01 01 01 04 01 01 01 01 01 01 01 01 01 01 04 04 04 04 04 01 01 01 03 03 03 03 03
03 01 01 01 03 03 03 03 03 03 03 01 01 01 04 04 01 01 01 01 01 01 01 01 01 04 01 01 04 01 01 01 01 01 01 01 01 01 01 01 01 01 01 01 01 01 02 02 02 02 02 02 02 02 02 02 02 02 02 02 02 02 02 03 03 03 03 03 03 03 03 03 01 01 01 01 04 04 04 01 01 01 01 01 01 01 01 01 01 04 04 04 01 01 01 01 03 03 03 03 03
03 01 01 01 01 03 03 03 03 03 03 03 01 01 04 04 01 01 01 01 01 01 01 01 01 01 01 04 04 04 01 01 01 01 01 01 01 01 01 01 01 01 01 01 02 02 02 02 02 02 02 02 02 02 02 02 02 02 02 02 02 02 02 03 03 03 03 03 03 03 03 03 01 01 01 01 01 04 04 04 01 01 01 01 01 01 01 01 01 04 04 01 01 01 01 03 03 03 03 03 03
03 01 01 01 01 01 01 01 01 03 03 03 03 03 03 03 01 01 01 01 04 01 01 01 01 01 01 04 04 01 01 01 01 01 01 01 01 01 01 01 01 02 02 02 02 02 02 02 02 02 02 02 02 02 02 02 02 02 02 02 02 02 02 03 03 03 03 03 03 03 03 01 01 01 04 04 04 04 04 04 04 04 01 01 01 01 01 01 01 04 04 01 01 01 01 03 03 03 03 03 03
03 01 01 01 01 01 01 01 01 01 03 03 03 03 03 03 03 03 01 01 04 01 01 01 01 01 01 04 04 01 01 01 01 01 01 01 01 01 02 02 02 02 02 02 02 02 02 02 02 02 02 02 02 02 02 02 02 02 02 02 02 02 02 03 03 03 03 03 03 03 01 01 01 01 04 04 04 01 01 01 04 01 01 01 01 01 01 01 01 01 04 01 01 01 01 03 03 03 03 03 03
03 03 01 01 01 01 01 03 01 01 03 03 03 03 03 03 03 03 01 01 04 04 01 01 01 01 01 01 01 01 01 01 01 01 01 01 01 02 02 02 02 02 02 02 02 02 02 02 02 02 02 02 02 02 02 02 02 02 02 02 02 02 02 03 03 03 03 03 03 01 01 01 01 01 01 01 01 01 01 01 01 01 01 01 01 01 04 04 04 04 04 04 04 01 01 01 03 03 03 03 03
03 03 01 01 01 01 01 03 03 03 03 03 03 03 03 03 01 01 01 01 04 04 04 01 01 01 01 01 01 01 01 01 01 02 01 01 02 02 02 02 02 02 02 02 02 02 02 02 02 02 02 02 02 02 02 02 02 02 02 02 02 02 02 03 03 03 03 03 03 01 01 01 01 01 01 01 01 01 01 01 01 01 01 04 04 04 04 01 01 01 04 04 01 01 01 01 03 03 03 03 03
03 03 03 03 03 03 01 03 03 03 03 03 03 03 03 01 01 01 01 01 04 04 04 04 01 01 01 03 03 03 01 01 02 02 02 02 02 02 02 02 02 02 02 02 02 02 02 02 02 02 02 02 02 02 02 02 02 02 02 02 02 02 02 03 03 03 03 03 01 01 01 01 01 01 01 01 01 01 01 01 01 01 01 04 01 01 01 01 01 01 01 01 01 01 01 01 03 03 03 03 03
03 03 03 03 03 03 03 03 03 03 03 03 03 01 03 01 01 01 01 01 01 04 04 04 01 01 03 03 03 03 03 01 02 02 02 02 02 02 02 02 02 02 02 02 02 02 02 02 02 02 02 02 02 02 02 02 02 02 02 02 02 02 02 02 03 03 03 03 03 01 01 01 01 01 01 01 01 01 01 01 01 01 04 04 01 01 01 01 01 01 01 01 01 01 01 01 01 03 03 03 03
03 03 03 03 03 03 03 03 03 03 03 01 01 01 01 01 01 01 01 01 01 01 01 01 01 01 03 03 03 03 03 03 02 02 02 02 02 02 02 02 02 02 02 02 02 02 02 02 02 02 02 02 02 02 02 02 02 02 02 02 02 02 02 02 03 03 03 03 03 01 01 01 01 01 01 01 01 01 01 01 01 04 04 01 01 01 01 01 01 01 01 01 01 01 01 01 01 03 03 03 03
03 03 03 03 03 03 03 03 03 03 03 01 01 01 01 01 01 01 03 03 03 01 01 01 01 01 03 03 03 03 03 02 02 02 02 02 02 02 02 02 02 02 02 02 02 02 02 02 02 02 02 02 02 02 02 02 02 02 02 02 02 02 02 02 02 01 01 03 03 01 01 01 01 01 01 04 01 01 01 01 04 04 01 01 01 01 01 01 01 01 01 01 01 01 01 01 01 03 03 03 03
03 03 03 03 03 03 03 03 03 03 03 01 01 01 03 01 01 01 03 03 03 01 01 01 01 01 03 03 03 03 02 02 02 02 02 02 02 02 02 02 02 02 02 02 02 02 02 02 02 02 02 02 02 02 02 02 02 02 02 02 02 02 02 02 02 01 01 01 01 01 01 01 01 01 01 01 04 01 01 01 04 01 01 01 01 01 01 01 01 01 03 03 01 01 01 01 01 01 03 03 03
03 03 03 03 03 03 03 03 03 03 03 03 03 03 03 03 03 03 03 03 01 01 01 01 01 01 01 03 03 03 02 02 02 02 02 02 02 02 02 02 02 02 02 02 02 02 02 02 02 02 02 02 02 02 02 02 02 02 02 02 02 02 02 02 02 02 01 01 01 01 01 01 01 04 04 01 04 01 01 04 04 01 01 01 01 01 01 01 03 03 03 01 01 01 01 01 01 01 03 03 03
03 03 03 03 03 03 03 03 03 03 03 03 03 03 03 03 03 03 03 01 01 01 01 01 01 01 01 01 03 02 02 02 02 02 02 02 02 02 02 02 02 02 02 02 02 02 02 02 02 02 02 02 02 02 02 02 02 02 02 02 02 02 02 02 02 02 01 01 01 01 01 01 01 04 04 04 04 04 04 04 01 01 01 01 01 01 01 03 03 03 03 03 01 01 01 01 01 03 03 03 03
03 03 03 03 03 03 03 03 03 03 03 03 03 03 03 03 03 03 01 01 01 01 01 01 01 01 01 01 02 02 02 02 02 02 02 02 02 02 02 02 02 02 02 02 02 02 02 02 02 02 02 02 02 02 02 02 02 02 02 02 02 02 02 02 02 01 01 01 01 01 01 01 01 01 04 04 04 01 04 01 01 01 01 01 01 01 03 03 03 03 03 03 01 01 01 01 01 01 03 03 03
03 03 03 03 01 01 03 03 03 03 03 03 03 03 03 03 03 03 01 01 01 01 01 01 01 01 01 02 02 02 02 02 02 02 02 02 02 02 02 02 02 02 02 02 02 02 02 02 02 02 02 02 02 02 02 02 02 02 02 02 02 02 02 02 01 01 01 01 01 01 01 01 01 01 01 01 01 01 04 01 01 01 01 01 01 03 03 03 03 03 03 01 01 01 01 01 01 01 03 03 03
03 03 03 01 01 01 01 03 03 03 03 03 03 03 03 03 01 01 01 01 01 01 01 01 01 01 01 01 02 02 02 02 02 02 02 02 02 02 02 02 02 02 02 02 02 02 02 02 02 02 02 02 02 02 02 02 02 02 02 02 02 02 02 01 01 01 01 01 01 01 01 01 01 01 01 01 01 04 04 01 01 01 01 01 03 03 03 03 03 03 03 03 03 01 01 03 01 01 03 03 03
03 03 01 01 01 01 01 03 03 03 03 03 03 03 03 01 01 01 01 01 01 04 01 01 01 01 01 01 01 02 02 02 02 02 02 02 02 02 02 02 02 02 02 02 02 02 02 02 02 02 02 02 02 02 02 02 02 02 02 01 02 02 01 01 01 01 03 03 01 01 01 01 01 01 01 01 01 04 01 01 01 01 01 01 03 03 03 03 03 03 03 03 03 01 03 03 01 01 03 03 03
03 03 03 01 01 01 01 01 03 03 03 03 03 03 01 01 01 01 01 01 04 04 04 04 04 01 01 01 01 01 01 02 02 02 02 02 02 02 02 02 02 02 02 02 02 02 02 02 02 02 02 02 02 02 02 03 01 01 01 01 01 01 01 01 01 03 03 03 03 03 03 01 01 01 01 01 01 04 01 01 01 01 01 03 03 03 03 03 03 03 03 03 03 03 03 01 01 03 03 03 03
03 03 03 01 01 01 01 01 03 03 01 03 03 01 01 01 01 01 01 01 01 04 04 04 04 01 01 01 01 01 01 01 02 02 02 02 02 02 02 02 02 02 02 02 02 02 02 02 02 02 02 02 03 03 03 03 01 01 01 01 01 01 01 01 03 03 03 03 03 03 03 01 01 01 01 01 01 04 01 01 01 01 01 03 03 03 03 03 03 03 03 03 03 03 03 01 01 03 03 03 03
03 03 01 01 01 01 01 01 03 03 01 01 01 01 01 01 01 01 01 01 01 01 04 04 04 04 01 01 01 01 01 01 01 01 02 02 02 02 02 02 02 02 02 02 02 02 02 02 02 03 03 03 03 03 03 01 01 01 01 01 01 01 01 01 03 03 03 03 03 03 03 01 01 01 01 01 01 04 01 01 01 01 01 03 03 03 03 03 03 03 03 03 03 03 03 03 03 03 03 03 03
03 03 01 01 01 01 01 01 03 03 03 01 01 01 01 01 01 01 01 01 01 01 01 04 04 04 04 01 01 01 01 01 01 01 01 02 02 02 02 02 02 02 02 02 02 02 02 03 03 03 03 03 03 03 03 03 01 01 01 01 01 01 01 01 03 03 03 03 03 03 03 01 04 01 04 01 01 04 01 01 01 01 01 03 03 03 03 03 03 03 03 03 03 03 03 03 03 03 03 03 03
03 03 01 01 01 01 01 01 01 01 01 01 01 01 01 01 01 01 01 01 01 01 04 04 04 04 04 01 01 01 01 01 01 01 01 01 01 01 01 02 02 02 02 02 02 01 01 01 01 03 03 03 03 03 03 01 01 04 04 04 04 01 01 01 01 03 03 03 03 03 01 01 01 01 04 01 04 04 04 01 04 01 01 03 03 03 03 03 01 01 01 01 01 03 03 03 03 03 03 01 03
03 03 01 01 01 01 01 01 01 01 01 01 01 01 01 01 01 01 01 01 01 04 04 04 04 04 01 01 01 01 01 01 01 01 01 01 01 01 01 01 02 02 02 01 01 01 01 01 01 03 03 03 03 03 03 01 01 01 04 04 01 01 01 01 01 01 03 03 03 01 01 01 01 04 04 04 04 04 04 04 01 01 01 01 01 01 01 01 01 01 01 01 01 03 03 03 03 03 01 01 03
03 03 01 01 01 01 01 01 01 03 03 03 03 03 03 01 01 01 01 01 04 04 04 01 01 01 01 01 01 01 01 01 01 01 04 01 04 01 01 01 01 01 01 01 01 01 01 01 01 01 03 03 03 03 01 01 01 01 01 04 01 04 01 01 01 01 01 01 01 01 01 01 01 01 04 04 01 01 04 04 01 01 01 01 01 01 01 01 01 01 01 01 01 03 03 03 03 03 01 01 03
03 03 01 01 01 01 01 01 01 03 03 03 03 03 03 01 01 01 01 01 04 04 04 01 01 01 01 01 01 01 01 01 01 01 04 01 04 01 01 01 01 01 01 01 01 01 01 01 01 01 01 03 03 01 01 01 01 01 01 04 04 01 01 04 01 01 01 01 01 01 01 01 01 04 04 04 01 01 04 04 04 01 01 01 01 01 01 01 01 01 01 01 01 03 03 03 03 01 01 01 03
03 03 01 01 01 01 01 01 01 03 03 03 03 03 03 03 01 01 01 01 01 04 04 04 04 01 01 01 01 01 01 01 01 01 01 04 04 01 01 01 01 01 01 01 01 04 04 01 01 01 01 01 01 01 01 01 01 01 01 04 04 04 04 04 01 01 01 01 01 01 01 01 01 04 04 01 01 01 04 04 04 01 01 01 01 01 01 01 01 01 01 01 01 03 03 03 03 01 01 01 03
03 01 01 01 01 01 01 01 03 03 03 03 03 03 03 03 01 01 01 01 01 04 04 04 04 04 01 01 01 01 01 01 01 01 01 01 04 04 04 04 01 01 01 01 04 04 01 01 01 01 01 01 01 01 01 01 01 01 01 01 01 01 01 04 01 01 01 01 01 01 01 01 01 04 04 01 01 01 01 04 04 01 01 01 01 01 01 01 01 01 01 01 01 01 01 01 01 01 01 01 03
03 01 01 01 01 01 01 03 03 03 03 03 03 03 03 03 03 01 01 01 01 01 01 04 04 04 04 01 01 01 01 01 01 01 04 04 04 04 04 04 01 01 01 04 04 01 01 01 01 01 01 01 01 01 01 01 01 04 01 01 01 04 04 04 01 01 01 01 01 01 01 01 01 04 01 01 01 01 01 01 04 04 01 01 01 01 01 01 01 01 01 01 01 01 01 01 01 01 01 01 03
03 03 01 01 01 01 01 03 03 03 03 03 03 03 03 03 03 01 01 01 01 01 01 01 04 04 04 01 01 01 01 01 01 01 01 01 01 01 01 01 01 01 01 04 04 01 01 01 04 04 01 01 01 01 01 01 04 04 04 04 04 04 04 04 01 01 01 04 04 01 01 01 01 01 01 01 01 01 01 01 01 04 01 01 01 01 01 01 01 01 01 01 01 01 01 01 01 01 01 01 03
03 03 01 01 01 01 01 03 01 03 03 03 03 03 03 03 03 01 01 01 01 01 01 01 01 01 04 01 01 01 01 01 02 02 01 01 01 01 01 01 01 01 01 04 04 04 01 04 04 01 01 01 01 01 01 01 01 01 01 04 01 04 04 04 04 01 01 01 04 01 01 01 01 01 01 01 01 01 01 01 01 01 01 01 01 01 01 01 01 01 01 01 01 01 01 01 01 01 01 01 03
03 03 03 01 01 01 01 01 01 03 03 01 03 03 03 01 01 01 01 01 01 01 01 01 01 01 01 01 01 01 01 02 02 02 02 01 01 01 01 04 04 04 04 04 04 04 04 04 01 01 01 01 01 01 01 01 01 01 01 01 01 01 01 04 01 01 01 04 01 01 01 01 01 01 01 01 01 01 01 01 01 01 01 01 01 01 01 01 04 04 04 04 01 04 01 01 01 01 01 01 03
03 03 03 01 01 01 01 01 01 01 01 01 01 01 01 01 01 01 01 01 01 01 01 01 01 01 01 01 01 01 02 02 02 02 02 01 01 01 01 04 04 04 04 04 04 01 01 01 01 01 01 01 01 01 04 01 01 01 01 01 01 01 04 04 01 04 01 04 01 01 01 01 01 01 01 01 01 01 01 01 01 04 01 01 01 01 01 04 04 01 01 04 04 04 01 01 01 01 01 01 03
03 03 03 01 01 01 01 01 01 01 01 01 01 01 01 01 01 01 01 01 01 01 01 01 01 01 01 01 01 01 02 02 02 02 02 01 01 01 01 04 04 04 04 04 04 01 01 01 01 01 01 01 01 01 04 01 01 01 01 01 01 01 04 04 01 04 01 04 01 01 01 01 01 01 01 01 01 01 01 01 01 04 01 01 01 01 01 04 04 01 01 04 04 04 01 01 01 01 01 01 03
03 03 03 01 01 01 01 01 01 01 01 01 01 01 01 01 01 01 01 01 01 01 01 01 01 01 01 01 01 02 02 02 02 02 02 01 01 01 04 04 01 01 01 01 01 01 01 01 01 01 01 01 04 04 04 01 01 04 01 01 01 01 01 04 04 04 04 04 01 01 01 01 01 04 01 01 01 01 01 01 04 04 01 01 01 01 04 04 01 01 01 01 04 04 04 04 01 01 01 01 03
03 03 03 01 01 01 01 01 01 01 01 01 01 01 01 01 01 01 01 01 01 01 01 01 01 01 01 01 01 02 02 02 02 02 02 01 01 04 04 01 01 04 01 01 01 01 01 01 01 01 01 04 04 01 04 04 04 01 01 01 01 01 01 01 04 01 01 01 01 01 04 01 01 01 04 04 01 04 01 04 04 01 01 01 01 04 01 01 01 01 01 01 01 04 04 04 01 01 01 01 03
03 03 03 03 01 01 01 01 01 01 01 01 01 01 01 01 01 01 01 01 01 01 01 01 01 01 01 01 02 02 02 02 02 02 01 01 01 04 04 04 04 04 04 04 04 01 01 01 01 01 01 04 04 01 01 01 04 01 01 01 01 01 01 01 04 04 01 01 01 01 04 04 04 04 04 04 04 04 04 04 04 01 01 01 01 01 01 01 04 04 01 01 01 01 04 01 01 01 01 01 03
03 03 03 03 01 01 01 01 01 01 01 01 01 01 01 01 01 01 01 01 01 01 01 01 01 01 01 01 02 02 02 02 02 02 01 01 01 01 01 01 04 04 01 01 01 01 01 01 01 01 01 04 04 01 01 01 04 01 01 01 01 01 01 01 04 04 01 01 01 04 04 01 01 04 04 01 01 01 01 01 04 04 01 01 01 01 04 04 04 01 01 01 01 04 04 01 01 01 01 01 03
03 03 03 03 01 01 01 01 01 01 01 01 01 01 01 04 04 04 04 04 04 04 04 04 04 01 01 01 02 02 02 02 02 01 01 01 01 01 01 01 04 01 01 01 01 01 01 01 01 01 01 01 04 04 01 01 04 04 01 01 01 01 01 01 01 04 01 01 01 01 01 01 01 04 04 04 01 01 01 01 01 04 04 01 01 04 04 01 01 01 01 01 04 04 01 01 01 01 01 01 01
03 03 03 01 01 03 03 01 01 01 01 01 01 01 04 04 01 01 01 01 01 01 01 01 04 01 01 01 01 02 02 01 01 01 01 01 01 01 01 01 04 04 04 04 04 01 01 01 01 01 01 01 01 04 01 01 01 04 01 01 01 01 01 01 01 04 04 04 01 01 01 01 01 01 01 01 01 01 01 01 01 01 04 04 04 01 01 01 01 01 01 01 04 04 01 01 01 01 01 01 01
03 03 03 01 03 03 03 03 03 01 01 01 01 04 04 01 01 01 01 01 01 01 01 01 04 04 01 01 01 01 01 01 01 01 01 01 01 01 01 01 01 01 04 04 04 01 01 01 01 01 01 01 01 01 01 01 04 04 01 01 01 01 01 01 01 01 01 04 04 01 01 01 01 01 01 01 01 01 01 01 01 01 01 01 01 01 01 01 01 01 01 04 01 01 01 01 01 01 01 01 01
03 03 03 01 03 03 03 03 03 01 01 01 01 04 04 01 01 01 01 01 01 01 01 01 04 04 01 01 01 01 01 01 01 01 01 01 01 01 01 01 01 01 04 04 04 01 01 01 01 01 01 01 01 01 01 01 01 04 01 01 01 04 01 04 01 04 04 04 04 01 01 01 01 01 01 01 01 01 01 01 01 01 01 01 01 01 01 01 01 01 04 04 01 01 01 01 01 01 01 01 01
03 03 03 03 03 03 03 03 03 01 01 01 01 04 04 01 01 01 01 01 01 01 01 01 04 04 01 01 01 01 01 01 01 01 01 01 01 01 01 01 01 01 01 04 04 01 01 01 01 01 01 01 01 01 01 04 01 04 01 01 01 04 04 04 04 04 01 04 01 01 01 01 01 01 01 01 01 01 01 01 01 01 01 01 01 01 01 01 04 04 04 04 04 01 01 01 04 01 01 01 03
03 03 03 03 03 03 03 03 03 01 01 01 01 04 04 01 01 01 01 01 01 01 01 01 01 04 01 01 01 01 01 01 01 01 01 01 01 01 03 03 03 03 03 03 03 03 01 01 01 01 01 01 01 01 01 01 01 04 01 01 01 01 01 01 01 01 01 01 01 01 01 01 01 01 01 03 03 03 03 03 03 03 03 01 01 01 01 01 01 04 01 01 04 04 04 04 04 01 01 01 03
03 03 03 03 03 03 03 03 01 01 01 01 01 04 01 01 04 01 01 01 01 01 04 01 01 04 01 01 01 01 01 01 01 01 01 01 01 03 03 03 03 03 03 03 03 03 01 01 01 01 03 03 03 03 03 03 04 04 01 01 01 01 01 01 01 01 01 01 01 01 01 01 03 03 03 03 03 03 03 03 03 03 03 03 01 01 01 01 01 01 01 01 04 04 04 04 01 01 01 01 03
03 03 03 03 03 03 03 01 01 01 01 01 04 04 01 01 04 01 01 01 01 01 04 01 01 04 01 01 01 01 01 01 01 01 03 03 03 03 03 03 01 01 03 03 03 01 01 01 01 01 03 03 03 03 03 03 03 04 01 03 03 03 01 01 01 01 01 01 01 03 03 03 03 03 03 03 03 03 03 03 03 03 03 03 01 01 01 01 01 01 01 01 01 04 01 04 01 01 01 01 03
03 03 03 03 03 03 01 01 01 01 01 01 01 04 01 01 04 01 01 01 01 01 04 01 01 04 04 01 01 01 01 01 01 03 03 03 03 03 03 03 03 01 01 01 01 01 01 01 01 03 03 03 03 03 03 03 03 03 03 03 03 03 03 01 01 03 03 03 03 03 03 03 03 03 03 03 03 03 03 03 03 03 03 03 03 01 01 01 01 01 01 01 01 01 01 04 01 01 01 01 03
03 01 01 01 01 01 01 01 01 01 01 04 04 04 01 01 04 04 01 01 01 01 04 01 01 04 04 01 01 01 01 01 01 03 03 03 03 03 01 03 01 01 01 01 01 01 03 03 03 03 03 03 03 03 03 03 03 03 03 03 03 03 01 01 01 03 03 03 03 03 03 03 03 03 03 03 03 03 03 03 01 01 03 03 03 03 01 01 01 01 01 01 01 01 01 01 01 01 01 01 03
03 01 01 01 01 01 01 01 01 01 01 01 01 04 01 01 04 04 01 01 01 04 04 01 01 04 01 01 01 01 01 01 01 03 03 03 01 01 01 01 01 01 01 01 01 03 03 03 03 03 03 03 03 03 03 03 03 03 03 03 03 03 01 01 01 03 01 01 01 01 03 03 03 03 03 03 03 03 03 03 03 01 03 01 01 01 01 01 01 01 01 01 01 01 01 01 01 01 01 01 03
03 03 01 01 01 01 01 01 01 01 01 01 01 04 01 01 04 04 01 01 01 04 04 01 01 04 01 01 01 01 01 01 01 03 03 03 01 01 01 01 01 03 01 01 01 03 03 03 03 03 03 03 03 03 03 03 03 03 03 03 03 01 01 01 03 03 01 01 01 01 01 03 03 03 03 03 03 03 01 01 01 01 01 01 01 01 01 01 01 01 01 01 01 01 01 01 01 01 01 01 03
03 03 01 01 01 01 01 01 01 01 01 01 01 01 01 01 04 04 04 01 01 04 04 01 01 04 01 01 01 01 01 01 03 03 03 01 01 01 01 01 03 03 03 01 03 03 03 03 03 03 03 03 03 03 03 03 03 03 03 03 01 01 01 01 01 03 03 01 01 01 01 03 03 03 03 03 03 03 03 01 01 01 01 01 01 01 01 01 01 01 01 01 01 01 01 01 01 01 01 03 03
03 01 01 01 01 01 01 01 01 01 01 01 01 01 01 01 04 04 04 04 04 04 01 01 01 04 04 01 01 01 03 03 03 03 01 01 01 01 01 01 03 03 03 03 03 03 03 03 03 03 03 03 03 03 03 03 03 03 03 03 01 01 01 01 01 01 01 01 01 03 01 03 03 03 03 03 03 03 01 01 01 01 01 01 01 01 01 01 01 01 01 01 01 01 01 01 01 01 01 03 03
03 01 01 01 01 01 01 01 01 01 01 01 01 01 01 01 01 01 04 04 04 01 01 01 01 04 01 01 01 01 03 03 03 01 01 01 01 01 01 03 03 03 03 03 03 03 03 03 03 03 03 03 03 03 03 03 03 03 03 03 01 01 01 01 01 03 01 03 03 03 03 03 03 03 03 03 03 03 01 03 01 01 01 01 01 01 01 01 01 01 01 01 01 01 01 01 01 01 01 03 03
03 01 01 01 01 01 01 01 01 01 01 01 01 01 01 01 01 01 01 01 01 01 01 01 01 01 01 01 01 01 01 01 01 01 01 01 01 03 01 03 03 03 03 03 03 03 03 03 03 03 03 03 03 03 03 03 03 03 03 03 03 01 01 01 03 03 03 03 01 03 03 01 03 03 01 01 03 03 03 03 03 01 01 01 01 01 01 03 01 01 01 01 01 01 01 01 01 01 01 01 03
03 01 01 01 01 01 01 01 01 01 01 01 01 01 01 01 01 01 01 01 01 01 01 01 01 01 01 01 01 01 01 03 03 03 03 03 03 03 01 03 03 03 03 03 03 03 03 03 03 03 03 03 03 03 03 03 03 03 03 03 03 03 01 01 01 01 01 01 01 01 01 01 01 01 01 01 01 01 01 03 01 01 01 01 01 03 03 03 03 01 01 01 01 01 01 01 01 01 01 01 03
03 03 01 01 01 01 01 01 01 03 01 01 01 01 01 01 01 01 01 01 01 01 01 01 01 01 01 01 01 03 03 03 03 03 03 03 03 03 03 03 03 03 03 03 03 03 03 03 03 03 03 03 03 03 03 03 03 03 03 03 03 03 03 03 03 01 01 01 01 01 03 01 01 01 03 03 03 03 01 01 01 03 03 03 03 03 03 03 03 03 03 01 03 03 03 01 01 01 01 03 03
03 03 03 03 03 03 03 03 03 03 03 03 03 03 03 03 03 03 03 03 03 03 03 03 03 03 03 03 03 03 03 03 03 03 03 03 03 03 03 03 03 03 03 03 03 03 03 03 03 03 03 03 03 03 03 03 03 03 03 03 03 03 03 03 03 03 03 03 03 03 03 03 03 03 03 03 03 03 03 03 03 03 03 03 03 03 03 03 03 03 03 03 03 03 03 03 03 03 03 03 03